INSERT INTO 1000: 100 runs
results: [0.30844, 0.50522, 0.38983999999999996, 0.41927999999999993, 0.42896, 0.4321, 0.40512000000000004, 0.44964000000000004, 0.25542000000000004, 0.3246]
INSERT INTO 2520 - 25200: 100 runs
results: [-0.6092500000000001, -0.18059999999999996, -4.5367, 1.6039999999999996, 5.098, -7.3044, -4.5622, -2.7335, -8.347100000000001, -10.9186]
SELECT: 100 runs
results: [-0.017380000000000007, -0.025060000000000002, -0.02127999999999997, 0.002100000000000022, 0.000890000000000013, -0.045470000000000045, 0.017210000000000007, 0.028140000000000037, -0.06725000000000003, -0.14549000000000004]
UDPATE CACHE: 100 runs
results: [-456.01738, -595.82959, -839.86538, -1056.96981, -1305.77495, -1563.64477, -1792.66835, -2011.21629, -2267.87201, -2491.28596]
UDPATE CACHE: 100 runs
results: [280.00916, 525.30825, 792.52657, 1056.16054, 1285.74735, 1481.70201, 1782.5433, 1932.92165, 2210.72023, 2378.14636]
